+-------+------------------------+
|   Год |   Кп_МБПР по годам в % |
|-------+------------------------|
|  2005 |                    8.3 |
|  2006 |                   11.8 |
|  2007 |                    0   |
|  2008 |                    8.3 |
|  2009 |                    0   |
|  2010 |                    0   |
|  2011 |                    0   |
|  2012 |                    0   |
|  2013 |                    7.1 |
|  2014 |                   20   |
|  2015 |                   25   |
|  2016 |                    0   |
|  2017 |                    0   |
|  2018 |                   44.4 |
|  2019 |                    0   |
|  2020 |                   16.7 |
+-------+------------------------+
