Таблица данных показателей Км по мастике:
      показатель(%)  биткор(%)  транскор(%) биткор-у(%)  мбпр(%)
год                                                             
2005           2.34        NaN         1.73         NaN      0.0
2006           1.42       12.3         0.51         NaN      0.0
2007           0.24       22.8         0.00         NaN      0.0
2008           0.38        0.0         0.08         NaN      0.0
2009           0.07        0.0         0.14         NaN      0.0
2010           0.00        0.0         0.00         NaN      0.0
2011           0.00        0.0         0.00         NaN      0.0
2012           0.01        0.0         0.01         NaN      0.0
2013           0.20        0.0         0.00         NaN      0.0
2014           2.40        0.0         5.70        0.00      0.0
2015           9.60        0.0         0.00        54.1      0.0
2016           0.00        0.0         0.00         NaN      0.0
2017           6.30       16.6         0.00        0.00      0.0
2018           8.30       10.4         9.00        0.00      0.0
2019           0.00        0.0         0.00         NaN      0.0
Таблица данных показателей Кп по мастике:
      показатель(%)  биткор(%)  транскор(%) биткор-у(%)  мбпр(%)
год                                                             
2005          38.80        NaN        47.40         NaN      8.3
2006          26.90     100.00        50.00         NaN     11.8
2007          15.80      83.33         6.45         NaN      0.0
2008          15.00       4.00        23.00         NaN      8.3
2009           7.32       2.38        17.90         NaN      0.0
2010           2.80       1.90         0.00         NaN      0.0
2011           3.80       3.00         5.90         NaN      0.0
2012           4.70       0.00        10.00         NaN      0.0
2013          18.10      12.50        13.20         NaN      7.1
2014          22.10      30.70        15.60      100.00     20.0
2015          36.40      34.50        40.00        54.5     25.0
2016          17.00      33.30         7.10         NaN      0.0
2017          17.20      26.70        14.70        50.0      0.0
2018          23.50      21.70        12.50        16.7     44.4
2019           4.00       2.80        12.50         NaN      0.0
Коэффициенты корреляции Км по мастике:
               показатель(%)  биткор(%)  транскор(%)  мбпр(%)
показатель(%)       1.000000   0.251045     0.477110      NaN
биткор(%)           0.251045   1.000000     0.114296      NaN
транскор(%)         0.477110   0.114296     1.000000      NaN
мбпр(%)                  NaN        NaN          NaN      NaN
Коэффициенты корреляции Км по мастике:
               показатель(%)  биткор(%)  транскор(%)   мбпр(%)
показатель(%)       1.000000   0.580528     0.787413  0.578583
биткор(%)           0.580528   1.000000     0.516713  0.144305
транскор(%)         0.787413   0.516713     1.000000  0.304938
мбпр(%)             0.578583   0.144305     0.304938  1.000000
Таблица данных показателей Км по ПВХ:
      показатель(%)  пвх-сэларон(%) пвх-бск(%)
год                                           
2005           1.89             NaN        NaN
2006           0.69             NaN        NaN
2007           0.37             NaN        NaN
2008           0.10             NaN        NaN
2009           0.33             NaN        NaN
2010           0.20             NaN        NaN
2011           0.15             NaN        NaN
2012           0.11             NaN        NaN
2013           1.26            0.79        0.2
2014           0.32            0.66        NaN
2015           3.00            2.30       19.7
2016           0.50            0.55        0.0
2017           0.00            0.00        NaN
2018           0.28            0.28        NaN
2019           0.30            0.40        NaN
Таблица данных показателей Кп по ПВХ:
      показатель(%)  пвх-сэларон(%) пвх-бск(%)
год                                           
2005          100.0             NaN        NaN
2006           58.8             NaN        NaN
2007           47.4             NaN        NaN
2008           30.0             NaN        NaN
2009           45.5             NaN        NaN
2010           39.3             NaN        NaN
2011           20.5             NaN        NaN
2012           14.8             NaN        NaN
2013           56.4           100.0       39.3
2014           28.2            30.7        NaN
2015           87.3            90.2       66.7
2016           75.6            79.5       0.00
2017           65.0            60.5        NaN
2018           52.9            52.9        NaN
2019           97.4           100.0        NaN
Коэффициенты корреляции Км по ПВХ:
                показатель(%)  пвх-сэларон(%)
показатель(%)        1.000000        0.973724
пвх-сэларон(%)       0.973724        1.000000
Коэффициенты корреляции Кп по ПВХ:
                показатель(%)  пвх-сэларон(%)
показатель(%)        1.000000        0.790938
пвх-сэларон(%)       0.790938        1.000000
>>> 